123
345123
345123
345123
345123
345123
345123
345123
345123
345123
345123
345123
345123
345123
345123
345123
345123
345123
345123
345123
345123
345123
345123
345123
345123
345123
345123
345123
345123
345123
345123
345123
345123
345123
345123
345123
345123
345123
345123
345123
345123
345123
345123
345123
345123
345123
345123
345123
345123
345123
345123
345123
345123
345123
345123
345123
345123
345123
345123
345123
345123
345123
345123
345123
345123
345123
345123
345123
345123
345123
345123
345123
345123
345123
345123
345123
345123
345123
345123
345123
345123
345123
345123
345123
345123
345123
345123
345123
345123
345123
345123
345123
345123
345123
345123
345123
345123
345123
345123
345123
345123
345123
345123
345123
345123
345123
345123
345123
345123
345123
345123
345123
345123
345123
345123
345123
345123
345123
345123
345123
345123
3451Ωzzzzz23
345123
345
